3524
3992
4936
3997
5247
4386
8935
6704
4384
4949
6031
5942
7501
4937
5244
4678
6061
4637
4144
4649
8380
8372
8371
8373
4597
6053
4546
8319
7464
4382
6027
8876
6055
6790
4326
8913
7553
7557
7581
4944
8298
8890
7594
7505
7656
7545
7603
6065
7039
8289
4562
7488
7896
4332
4328
4532
4696
4781
4711
4726
4723
4585
4984
4985
4694
4713
8429
4712
4728
4938
8428
5033
4969
4780
4591
4697
4693
6039
5047
4705
4584
4707
4724
8388
5029
5642
4970
5643
5644
4686
6840
6846
4988
7658
4706
5635
5654
4972
5633
5634
4980
4983
7340
6086
8393
8425
8409
8417
8397
7880
8418
8402
8350
8317
8934
6060
7520
7555
5170
6063
5169
5017
6251
7318
7319
7321
6056
8955
4917
6907
6043
4655
8275
4307
4308
