25797
841
5283
19972
17726
6845
9811
7762
23202
29332
850
12693
18104
12943
20548
16825
23933
17947
1191
19008
3393
23604
21998
21891
6116
20268
17851
3902
23932
13356
28521
2246
17573
21741
28542
7029
6352
18960
27374
24927
16823
5305
5771
23453
19524
19068
8626
20123
21811
6415
23197
28562
3876
25694
23561
11228
5979
2048
11451
24982
27145
6499
9097
12695
22855
4558
20133
17927
25836
13483
13593
1616
20542
27005
17899
4276
21933
25802
21132
17481
24812
23707
25421
8225
829
5264
934
28442
14202
6982
16718
21101
4010
17846
25145
6306
16875
26373
29721
17430
16807
7059
6266
20101
24938
4916
24040
8248
13493
4555
23271
7003
9665
7048
23226
5211
4593
21395
23976
4929
9602
4788
10093
17060
5993
3602
8287
28692
27503
7800
6850
7047
6317
25891
28976
25538
23149
20032
18260
16564
24319
20005
8917
27576
16837
4927
19563
18636
6020
16915
13047
9872
20952
19201
6384
6766
11751
16717
11164
583
13048
16190
9629
4466
6539
11810
675
18440
1820
19067
16716
23227
13660
13762
3165
4451
23822
